0.5488135039273248 0.622883434874623
0.7151893663724195 0.4668318267504295
0.6027633760716439 0.5944222697219971
0.5448831829968969 0.6034557517344881
0.4236547993389047 1.7352852055536747
0.6458941130666561 0.641809247435763
0.4375872112626925 1.5833495861309248
0.8917730007820798 0.5152382639835871
0.9636627605010293 0.6903754746968102
0.3834415188257777 2.056997847997718
0.7917250380826646 0.3403491014615856
0.5288949197529045 0.9570500903235495
0.5680445610939323 0.6814118977256134
0.925596638292661 0.734879565487036
0.07103605819788694 1.575448780349161
0.08712929970154071 1.7535450353896744
0.02021839744032572 1.1361202327483264
0.832619845547938 0.5982689718968326
0.7781567509498505 0.3863577514783689
0.8700121482468192 0.5226304185722979
0.978618342232764 1.062956596285779
0.7991585642167236 0.250931212303628
0.46147936225293185 1.143789073056535
0.7805291762864555 0.47162872127580907
0.11827442586893322 1.8498724380537521
0.6399210213275238 0.6572840590631864
0.1433532874090464 2.1483529470939025
0.9446689170495839 0.6365307183910986
0.5218483217500717 1.0643984642368178
0.4146619399905236 1.8147897123026389
0.26455561210462697 2.8937013217701155
0.7742336894342167 0.462764952952914
0.45615033221654855 1.2265210275963252
0.5684339488686485 0.8501226404912976
0.018789800436355142 1.098202698434853
0.6176354970758771 0.5900939862980016
0.6120957227224214 0.6180701789214631
0.6169339968747569 0.4960142245899665
0.9437480785146242 0.7688295967720046
0.6818202991034834 0.4948908239488072
0.359507900573786 2.202772628865105
0.43703195379934145 1.3602603502811905
0.6976311959272649 0.41797822856538625
0.06022547162926983 1.5795646946595232
0.6667667154456677 0.35103112667985376
0.6706378696181594 0.4005540928592261
0.2103825610738409 2.592261970727804
0.1289262976548533 2.248282683305902
0.31542835092418386 2.5682088775968244
0.3637107709426226 2.1693011599577723
0.5701967704178796 0.5755387315853462
0.43860151346232035 1.5107801128297385
0.9883738380592262 0.8621820848827644
0.10204481074802807 1.8218988490921866
0.2088767560948347 2.5659422091371464
0.16130951788499626 2.4042694227560317
0.6531083254653984 0.49794033979237745
0.2532916025397821 2.696870684008342
0.4663107728563063 1.2734001937538368
0.24442559200160274 2.6073090285461076
0.15896958364551972 2.1691904548353493
0.11037514116430513 1.9389762012434635
0.6563295894652734 0.4519553768251746
0.1381829513486138 2.2086023666045422
0.1965823616800535 2.8090756620702373
0.3687251706609641 2.1787382169816225
0.8209932298479351 0.31441331351788926
0.09710127579306127 1.8851994621431725
0.8379449074988039 0.2953217510178977
0.09609840789396307 1.7181839398458194
0.9764594650133958 0.856149745606282
0.4686512016477016 1.3874952098462174
0.9767610881903371 0.7901177803475258
0.604845519745046 0.45954558607484675
0.7392635793983017 0.3588718792163086
0.039187792254320675 1.2096694761226134
0.2828069625764096 2.7740039057165107
0.1201965612131689 1.876665395012045
0.29614019752214493 2.492436185026615
0.11872771895424405 1.9275272865251403
0.317983179393976 2.4348913675926886
0.41426299451466997 1.8632842179697935
0.06414749634878436 1.5752147704669133
0.6924721193700198 0.4011910132089684
0.5666014542065752 0.5435252610702127
0.2653894909394454 2.7900497674480613
0.5232480534666997 0.7645225967349751
0.09394051075844168 1.590192349185699
0.5759464955561793 0.7505405151135776
0.9292961975762141 0.6823488454051876
0.31856895245132366 2.5729795242671907
0.6674103799636817 0.4515151546499442
0.13179786240439217 2.174618975025174
0.7163272041185655 0.31107202624444513
0.2894060929472011 2.53321322177759
0.18319136200711683 2.560400367951522
0.5865129348100832 0.5158462441909251
0.020107546187493552 1.0653312843329257
0.8289400292173631 0.3694388899726985
0.004695476192547066 1.0316855668739797
